1.9097904; 2.6496439; 2.0489463; 2.950949; 1.6862468; 5.0560203; 2.0881669; 2.2986748; 1.3651231; 2.4975188; 1.8074181; 3.1183458; 2.6727085; 2.6739951; 3.2597708; 2.4421867; 4.5211889; 3.4188507; 0.9636238; 4.378461; 2.2446809; 3.7563757; 2.7952439; 2.3814347; 
1

3.8090083; 2.7846061; 0.220634; 3.5889731; 3.1629629; 3.4926439; 3.2872256; 4.9693087; 2.4153719; 2.923668; 7.2239077; 2.9936833; 2.9557516; 3.1733953; 4.0081818; 2.3224701; 2.1279057; 2.9670567; 4.2876556; 2.1989572; 2.8842558; 3.9320478; 
2
3.594176; 
3
63837459560.7687; 63837459626.3882; 63837459655.0122; 63837459683.1105; 63837459703.8646; 63837459771.8662; 63837459782.9874; 63837459811.5197; 63837459857.0886; 63837459874.1653; 63837459905.6163; 63837459928.047; 63837459997.0973; 63837460008.321; 63837460018.4976; 63837460030.9986; 63837460047.1624; 63837460061.5598; 63837460076.8756; 63837460140.4712; 63837460179.9739; 63837460200.9809; 63837460212.4643; 63837460234.0329; 63837460249.0508; 63837460288.2558; 63837460332.7237; 63837460364.8855; 63837460402.3064; 
4
0.9741; 0.321176; 2.7728489; 3.5228243; 3.8976072; 2.1758827; 3.0615757; 2.9355311; 4.1927049; 2.0493385; 2.4364262; 1.5854135; 1.6317136; 2.4517125; 3.3137019; 4.650656; 4.1313525; 2.4072294; 3.0944746; 2.9103607; 4.0112715; 3.607655; 2.4902125; 8.8682231; 10.8027591; 6.5688809; 0.5154493; 4.8697738; 4.509938; 3.3131431; 5.5536667; 
5
63837472740.3204; 63837472745.5972; 63837472758.9508; 63837472774.2415; 63837472791.7245; 63837472866.3928; 63837472880.6911; 63837472894.668; 63837472907.2693; 63837473000.6174; 63837473018.0219; 63837473032.2614; 63837473042.0625; 63837473085.7508; 63837473100.523; 63837473110.8136; 63837473124.4707; 63837473152.831; 63837473194.2071; 63837473223.527; 63837473237.8944; 63837473250.0092; 63837473267.3516; 63837473312.4383; 63837473329.1144; 63837473341.2965; 63837473381.202; 63837473394.6498; 63837473409.0563; 63837473419.8607; 63837473442.4748; 63837473459.3729; 63837473471.6501; 63837473520.1826; 63837473530.5295; 63837473552.3217; 63837473567.1215; 
6
63837539661.8548; 63837539702.1867; 63837539717.8774; 63837539773.5642; 63837539790.3374; 63837539840.0116; 63837539853.1696; 63837539890.1166; 63837539938.9441; 63837539949.7924; 63837539962.4846; 63837539974.7468; 63837539988.2863; 63837540007.0669; 63837540060.4451; 63837540103.9038; 63837540121.9188; 63837540174.7875; 63837540195.2292; 63837540214.5114; 63837540258.1328; 63837540277.9842; 63837540288.02; 63837540302.195; 63837540377.9725; 63837540394.4875; 63837540411.0128; 63837540431.6148; 63837540470.9972; 63837540493.1637; 63837540504.4283; 63837540522.1155; 
7
1.7367847; 2.704364; 4.3576656; 4.0785279; 2.7150475; 2.6713783; 2.602464; 2.9228386; 3.3285553; 1.627633; 1.0586565; 3.1024605; 3.7698159; 3.1728229; 3.5495176; 8.5347024; 3.1902713; 5.1767613; 4.6652403; 4.4696626; 1.6744461; 2.8977978; 1.8393827; 3.8306337; 3.660952; 2.3806735; 3.7066939; 2.8106323; 2.7978208; 
8
63837544730.2377; 63837544745.9896; 63837544760.9669; 63837544776.1842; 63837544817.0726; 63837544861.6929; 63837544877.3034; 63837544891.03; 63837544902.306; 63837544919.0131; 63837544931.1158; 63837544941.9182; 63837544957.3834; 63837545049.7153; 63837545066.5748; 63837545079.6494; 63837545089.9113; 63837545099.7939; 63837545113.1007; 63837545127.644; 63837545152.477; 63837545172.649; 63837545223.8985; 63837545235.6102; 63837545246.6349; 63837545261.7799; 63837545270.2181; 63837545282.395; 63837545291.1992; 63837545304.7855; 63837545314.0704; 63837545322.9136; 63837545356.578; 63837545370.5058; 63837545403.0348; 63837545416.7764; 63837545428.122; 63837545440.7834; 63837545476.3071; 63837545487.8803; 63837545512.3238; 63837545536.7876; 63837545546.1733; 63837545558.6784; 63837545573.3471; 
9
2.3388158; 2.3258098; 4.1772458; 1.9505477; 0.6089118; 2.5293256; 2.6848345; 2.7252195; 3.6577299; 2.1172822; 2.1174892; 2.3146174; 2.4084651; 5.7215815; 5.4363418; 3.1596894; 5.5264794; 3.9173022; 2.2718444; 4.2411591; 4.8633219; 4.1201786; 2.1295937; 3.2346951; 3.0487075; 2.4362563; 3.102003; 5.1924262; 1.5875782; 3.4056555; 4.0402662; 4.5079237; 3.3702807; 1.1551401; 3.2723953; 1.4736167; 5.3449313; 0.9627743; 
10
63837547572.5894; 63837547595.0949; 63837547619.3481; 63837547663.8761; 63837547693.7218; 63837547716.0819; 63837547750.1899; 63837547797.1364; 63837547818.505; 63837547900.4838; 63837547935.6637; 63837547954.14; 63837547969.6753; 63837547981.7301; 63837548028.1368; 63837548042.268; 63837548054.7; 63837548129.826; 63837548143.5245; 63837548157.8508; 63837548207.5664; 63837548308.1137; 63837548329.8231; 63837548381.8233; 63837548407.4501; 63837548420.5947; 63837548434.5448; 
11
3.5939778; 2.1085796; 1.7645399; 2.9253006; 3.5154537; 4.4960192; 2.2708968; 3.3375409; 0.8178839; 5.9718151; 1.8498321; 1.7388546; 3.8168159; 2.9748452; 3.2303306; 3.1737194; 3.0809839; 2.7671091; 4.5549435; 6.3001864; 3.7021185; 3.0941583; 2.8553312; 4.3835511; 4.6031711; 2.1427346; 3.7843412; 3.400179; 3.636388; 2.1749702; 4.9999715; 2.7092326; 2.8364905; 5.1052636; 
12
63837557012.5885; 63837557033.161; 63837557057.493; 63837557085.2912; 63837557105.164; 63837557208.4555; 63837557223.6466; 63837557242.231; 63837557263.6166; 63837557386.186; 63837557400.9528; 63837557415.0576; 63837557426.1979; 63837557437.2639; 63837557452.3485; 63837557514.8269; 63837557534.8103; 63837557549.8725; 63837557579.3184; 63837557589.971; 63837557647.3017; 63837557666.3036; 63837557678.7675; 63837557694.748; 63837557723.2444; 63837557735.4847; 63837557744.7706; 63837557761.2702; 63837557778.282; 63837557792.9306; 
13
4.5712086; 3.6174745; 5.0675695; 2.6870704; 3.7514917; 2.7014285; 3.6489413; 1.7982531; 2.5711772; 4.4697118; 2.1882628; 1.8547968; 4.1905039; 3.9803958; 2.4946327; 3.6781346; 3.273239; 3.2291954; 2.6690607; 3.8720653; 
14
63837627551.196; 63837627593.456; 63837627694.824; 63837627714.8467; 63837627732.7492; 63837627745.8518; 63837627790.9031; 63837627860.1263; 63837627878.2979; 63837627925.2117; 63837627950.3588; 63837627975.1833; 63837628002.7179; 63837628076.5037; 63837628098.4895; 63837628128.8407; 63837628168.9371; 63837628210.178; 63837628225.3778; 63837628267.7419; 63837628284.7275; 63837628301.4466; 63837628369.069; 63837628394.3668; 63837628408.68; 
15
2.4952112; 2.1309111; 4.0523598; 4.5522969; 2.9238593; 1.1016873; 1.9906933; 2.1131866; 1.8952529; 2.0621906; 2.1593809; 2.2682732; 1.7121441; 12.4625035; 4.7348225; 3.5934091; 4.1192881; 4.079571; 3.7741405; 3.5520943; 3.1506707; 2.2551297; 2.6548731; 3.3143101; 3.3967689; 
16
63837630745.564; 63837630756.3477; 63837630781.5066; 63837630803.4193; 63837630879.1532; 63837630895.3552; 63837630950.6311; 63837630958.0112; 63837630970.718; 63837630985.7579; 63837631002.6739; 63837631018.3362; 63837631104.3321; 63837631116.4735; 63837631129.3932; 63837631140.2837; 63837631150.5421; 63837631164.9504; 63837631175.407; 63837631288.9566; 63837631300.6367; 63837631312.1378; 63837631319.5152; 63837631331.141; 63837631343.9625; 63837631461.1078; 63837631473.6361; 63837631522.0026; 63837631534.8397; 63837631565.9516; 63837631577.2164; 63837631617.6336; 63837631627.9249; 
17
2.0091301; 4.7917611; 1.8478355; 2.3106569; 0.1918405; 2.1114773; 3.6647903; 2.0436296; 4.9561879; 3.8296941; 2.9642143; 3.0888262; 7.468106; 3.3822622; 3.524439; 2.3006365; 2.7142431; 4.010427; 4.5957553; 2.8726464; 3.524594; 
18
63837637734.3683; 63837637853.7886; 63837637869.1441; 63837637887.0215; 63837637924.6692; 63837637980.7022; 63837637998.3987; 63837638014.3959; 63837638028.1934; 63837638050.2891; 63837638073.5371; 63837638119.4702; 63837638134.5316; 63837638147.9538; 63837638166.583; 63837638188.8413; 63837638206.6219; 63837638222.9135; 63837638285.478; 63837638318.4466; 63837638345.6514; 63837638367.1021; 63837638381.3026; 63837638470.3813; 63837638504.4999; 
19
5.6679452; 5.4906768; 3.4258554; 3.1486235; 2.7834618; 2.6836435; 2.6320933; 1.6709707; 4.7325714; 2.7825623; 1.8240593; 3.2573406; 2.0448369; 2.3759297; 2.5896435; 3.0954843; 2.4812837; 4.7229502; 2.0616912; 
20
63837640848.8542; 63837640851.0555; 63837640852.9224; 63837640868.2015; 63837640884.9166; 63837640902.3059; 63837640931.1934; 63837640948.1976; 63837641018.2241; 63837641021.4084; 63837641062.7344; 63837641083.7996; 63837641101.2284; 63837641114.9329; 63837641140.7424; 63837641159.5529; 63837641259.2636; 63837641271.8471; 63837641328.6527; 63837641344.1747; 63837641361.1571; 63837641403.5667; 63837641417.9327; 63837641440.9338; 63837641456.3199; 63837641481.5294; 63837641517.4803; 63837641535.817; 63837641584.6707; 63837641601.0737; 63837641616.4228; 63837641636.948; 63837641649.5624; 63837641687.8489; 63837641708.3843; 
21
5.6665095; 3.4955556; 3.8722226; 2.5623919; 2.0450208; 1.587004; 1.8484722; 4.6771945; 3.3536189; 1.977718; 2.1759125; 2.6468062; 2.7863937; 2.7301784; 2.8383815; 4.7180656; 4.1319904; 4.9999362; 2.5182829; 2.6993678; 3.7191201; 
22